0,17059,-75.16624905,39.91828608,HC,12
0,17060,-75.15952651,39.97603374,RnF,13
0,17061,-75.14271779,40.01136239,MVT,13
0,17062,-75.12751726,39.9816493,AAnF,19
0,17063,-75.08354329,40.04673399,BR,28
0,17064,-75.13428559,39.96445056,RnF,34
0,17065,-75.17569928,39.93005887,BR,45
0,17066,-75.18386149,39.99577104,AAF,55
0,17067,-75.18386149,39.99577104,AAF,56
0,17068,-75.0266066,40.07970637,RnF,58
0,17069,-75.22679314,39.9429461,AAF,59
0,17070,-75.03821045,40.02786728,AAF,73
0,17071,-75.22323307,39.96551967,BR,76
0,17072,-75.08837942,40.00685339,HC,86
0,17073,-75.16882413,39.95086159,AAnF,87
0,17074,-75.17421295,39.93882917,BnR,89
0,17075,-75.15336485,39.93044347,AAnF,90
0,17076,-75.0468964,40.09096548,AAnF,97
0,17077,-75.06701086,40.06042507,AAnF,99
0,17078,-75.16295435,39.98097196,AAnF,102
0,17079,-75.12111263,40.03676577,AAF,105
0,17080,-75.03821045,40.02786728,BR,107
0,17081,-75.12115399,40.02562507,BR,109
0,17082,-75.22001352,39.95632585,RnF,114
0,17083,-75.22561249,39.95769239,AAF,117
0,17084,-75.13824948,40.0138615,AAnF,134
0,17085,-75.16231076,40.02251729,RnF,142
0,17086,-75.16178699,39.98384811,AAnF,144
0,17087,-75.10342461,40.00189287,AAnF,144
0,17088,-75.12853913,39.98621326,AAnF,151
0,17089,-75.24268028,39.92164361,RnF,153
0,17090,-75.2240478,40.03011207,AAF,157
0,17091,-75.0266994,40.05483559,AAnF,158
0,17092,-75.15204768,39.95832833,HC,162
0,17093,-75.23623982,39.94701754,AAnF,173
0,17094,-75.14289565,39.99953597,R,176
0,17095,-75.17765401,40.0425882,BR,179
0,17096,-75.14194773,39.95865847,AAnF,181
0,17097,-75.12519425,40.03414173,BR,181
0,17098,-75.22476763,40.04082219,AAnF,185
0,17099,-75.16434564,39.94967203,AAnF,197
0,17100,-75.14166278,39.99937246,BR,199
0,17101,-75.22561249,39.95769239,AAF,206
0,17102,-75.22561249,39.95769239,AAF,206
0,17103,-75.11849762,40.03025733,MVT,216
0,17104,-75.21975079,39.94895271,BR,219
0,17105,-75.05292015,40.06182075,RnF,238
0,17106,-75.10444849,39.99905599,R,244
0,17107,-75.15913756,40.01080384,AAF,300
0,17108,-75.1585921,39.91508523,AAnF,301
0,17109,-75.08215943,40.01756072,AAnF,302
0,17110,-75.14194773,39.95865847,AAnF,308
0,17111,-75.1251624,40.03652059,HC,332
0,17112,-75.16423889,39.94879404,BnR,333
0,17113,-75.1168131,39.99535185,RnF,335
0,17114,-75.13370716,39.98700691,AAF,341
0,17115,-75.16561661,39.93007007,RF,348
0,17116,-75.15872311,39.98440549,R,352
0,17117,-75.22022806,40.02370368,RnF,359
0,17118,-75.21187596,39.95395043,AAnF,361
0,17119,-75.2093639,39.95929388,AAnF,379
0,17120,-75.22464717,39.96485649,RF,387
0,17121,-75.21449376,39.96768831,BR,489
0,17122,-75.13296563,39.98661543,MVT,495
0,17123,-75.02183187,40.10000931,BnR,515
0,17124,-75.07339371,40.05648657,MVT,542
0,17125,-75.13754675,40.01066777,AAnF,606
0,17126,-75.17445883,40.0821569,BR,610
0,17127,-75.15923491,40.01023935,RnF,611
0,17128,-75.16248674,39.99281737,AAnF,612
0,17129,-75.20195465,39.9571504,AAnF,614
0,17130,-75.17870446,40.04544774,AAnF,648
0,17131,-75.17957176,39.93491696,AAnF,664
0,17132,-75.11598438,39.98769723,BR,708
0,17133,-75.25008338,39.97378318,MVT,719
0,17134,-75.04135466,40.05574247,BR,729
0,17135,-75.17042114,39.9976196,AAnF,737
0,17136,-75.26086706,39.97489114,BR,741
0,17137,-75.16715419,39.99782415,AAnF,762
0,17138,-75.14087943,39.99858612,AAnF,763
0,17139,-75.13763758,40.01848137,BR,766
0,17140,-75.15722987,39.9616325,RnF,804
0,17141,-75.13298425,40.02954641,BR,812
0,17142,-75.23895528,39.97853369,BR,815
0,17143,-75.15461496,40.00175369,AAF,818
0,17144,-75.19515603,39.93495339,BR,832
0,17145,-75.02342994,40.04232668,RnF,837
0,17146,-75.07534592,40.01594189,BnR,849
0,17147,-74.98196851,40.06108697,AAnF,857
0,17148,-75.23970259,39.97347313,AAnF,859
0,17149,-75.12325006,40.02373753,MVT,897
0,17150,-75.18311396,39.92473834,AAnF,901
0,17151,-75.03249767,40.03144019,MVT,913
0,17152,-75.21988429,39.93065118,BR,920
0,17153,-75.1812129,39.99293422,AAF,950
0,17154,-75.22557379,39.94870838,BR,952
0,17155,-75.07488354,40.01995574,AAnF,975
0,17156,-75.23270178,39.94534445,MVT,976
0,17157,-75.16822417,39.94033576,MVT,989
0,17158,-75.13902332,40.04379232,MVT,1014
0,17159,-75.24270789,39.98000019,MVT,1025
0,17160,-75.16748842,40.05388199,R,1056
0,17161,-75.10981163,40.02615743,AAF,1071
0,17162,-75.17018911,39.97730033,AAF,1085
0,17163,-75.1505228,40.06694537,AAnF,1098
0,17164,-75.10544326,40.01432639,RF,1100
0,17165,-75.09253638,39.98842873,MVT,1102
0,17166,-75.05101057,40.0352058,RF,1105
0,17167,-75.14820247,39.96147573,R,1120
0,17168,-75.17013275,40.04336806,RnF,1121
0,17169,-75.16643815,39.94001156,MVT,1130
0,17170,-75.15382184,39.98954308,BR,1139
0,17171,-75.13539385,39.97681875,RnF,1142
0,17172,-75.14805071,39.93031491,AAnF,1152
0,17173,-75.18894769,39.93372092,BR,1157
0,17174,-75.10544326,40.01432639,RF,1162
0,17175,-75.06288361,40.02322951,RF,1191
0,17176,-75.04027773,40.02754882,BR,1201
0,17177,-75.18059232,39.98016841,AAnF,1219
0,17178,-75.19183626,40.03928511,BR,1234
0,17179,-74.98232773,40.07795478,RF,1241
0,17180,-75.17254785,40.04899529,AAnF,1250
0,17181,-75.12960254,39.99690134,RnF,1277
0,17182,-75.07968745,40.01917561,BR,1298
0,17183,-75.13085305,39.99082944,AAnF,1306
0,17184,-75.15309126,39.92464558,BR,1330
0,17185,-75.14987012,39.92504488,RnF,1383
0,17186,-75.23081704,39.92193339,MVT,1397
0,17187,-75.15195931,40.00611788,MVT,1409
0,17188,-75.16355104,40.00128025,BR,1432
0,17189,-75.22213933,39.92512418,BR,1438
0,17190,-75.23521677,39.92770276,BR,1440
0,17191,-75.1875124,39.93872427,BR,1449
0,17192,-75.04321849,40.0356028,MVT,1467
0,17193,-75.06276267,40.04275987,BR,1473
0,17194,-75.15593075,39.92069052,RF,1478
0,17195,-75.23221963,39.97906698,BR,1489
0,17196,-75.1583002,39.97733372,RnF,1496
0,17197,-75.0827759,40.02616096,AAF,1499
0,17198,-75.22205858,39.94619082,AAnF,1500
0,17199,-75.1455133,39.99118785,RnF,1558
0,17200,-75.17319094,40.05064869,AAnF,1561
0,17201,-75.18059232,39.98016841,AAF,1576
0,17202,-75.22717125,39.94895952,RF,1579
0,17203,-75.2269333,39.92034668,AAF,1595
0,17204,-75.128654,40.00173208,BnR,1632
0,17205,-75.15826688,39.92288831,RnF,1636
0,17206,-75.15980251,40.02474939,RF,1687
0,17207,-75.2269333,39.92034668,AAF,1697
0,17208,-75.21593647,40.03411752,RnF,1710
0,17209,-75.11996065,39.99280129,BnR,1713
0,17210,-75.17703237,39.92153752,MVT,1715
0,17211,-75.25253475,39.9005793,BR,1745
0,17212,-75.11067699,40.01874519,BR,1917
0,17213,-75.17194365,39.98729038,BR,1921
0,17214,-75.13545521,39.96868913,RnF,1978
0,17215,-75.10265053,39.99208025,MVT,1989
0,17216,-75.22551722,40.0415366,BnR,2026
0,17217,-75.18418715,40.04580387,BR,2049
0,17218,-75.21998754,40.00115379,MVT,2066
